3 222
4 507
4 1014
4 1999
4 3006
4 3999
3 4325
3 4985
3 5992
2 6281
3 6988
3 7997
2 8338
3 8960
3 9482
3 9976
3 10468
3 10980
3 11470
3 11986
2 12468
3 12970
3 13474
2 14137
3 14463
3 14954
2 15087
2 15320
3 15454
2 15707
3 15946
3 16068
3 16458
2 16696
4 16936
1 17430
4 17430
1 18199
3 18199
2 18680
4 18680
1 18954
3 18954
2 19189
4 19177
1 19446
2 20181
4 20181
3 20670
4 20670
2 20946
4 20946
2 21446
4 21446
3 21925
4 21925
3 22170
4 22170
4 22930
4 23287
4 24209
3 24672
2 24933
3 25174
1 25402
2 25661
4 25661
1 26147
2 26145
1 26677
2 26675
3 27422
4 27661
3 28157
4 28632
3 28916
